%YAML:1.0
R: !!opencv-matrix
   rows: 3
   cols: 3
   dt: d
   data: [ 9.9985395699167334e-01, 1.2403442333993054e-02,
       -1.1756670717523210e-02, -1.1848132140261402e-02,
       9.9886281892498552e-01, 4.6181064669607648e-02,
       1.2316105426629942e-02, -4.6035025659804822e-02,
       9.9886389961777133e-01 ]
T: !!opencv-matrix
   rows: 3
   cols: 1
   dt: d
   data: [ 3.9100839679919988e+00, 8.2794083538129865e-02,
       1.6294575997693100e-01 ]
R1: !!opencv-matrix
   rows: 3
   cols: 3
   dt: d
   data: [ 9.9902548248601919e-01, 3.1600932948195104e-02,
       3.0813412345606344e-02, -3.2308802010300085e-02,
       9.9921893957883701e-01, 2.2751969136837882e-02,
       -3.0070361757649586e-02, -2.3725341383172404e-02,
       9.9926617150788000e-01 ]
R2: !!opencv-matrix
   rows: 3
   cols: 3
   dt: d
   data: [ 9.9890927900605475e-01, 2.1151407225535577e-02,
       4.1627758623105388e-02, -2.0177816448877537e-02,
       9.9951615582453279e-01, -2.3670867519032121e-02,
       -4.2108289432834581e-02, 2.2805091934209015e-02,
       9.9885275178221977e-01 ]
P1: !!opencv-matrix
   rows: 3
   cols: 4
   dt: d
   data: [ 6.1187910258983618e+02, 0., 3.0284923553466797e+02, 0., 0.,
       6.1187910258983618e+02, 2.4043292045593262e+02, 0., 0., 0., 1.,
       0. ]
P2: !!opencv-matrix
   rows: 3
   cols: 4
   dt: d
   data: [ 6.1187910258983618e+02, 0., 3.0284923553466797e+02,
       2.3951110673097960e+03, 0., 6.1187910258983618e+02,
       2.4043292045593262e+02, 0., 0., 0., 1., 0. ]
Q: !!opencv-matrix
   rows: 4
   cols: 4
   dt: d
   data: [ 1., 0., 0., -3.0284923553466797e+02, 0., 1., 0.,
       -2.4043292045593262e+02, 0., 0., 0., 6.1187910258983618e+02, 0.,
       0., -2.5547003265994789e-01, 0. ]
