%YAML:1.0
M1: !!opencv-matrix
   rows: 3
   cols: 3
   dt: d
   data: [ 7.6299386725610293e+02, 0., 3.3964638454181733e+02, 0.,
       7.6299386725610293e+02, 2.4080335802975659e+02, 0., 0., 1. ]
D1: !!opencv-matrix
   rows: 1
   cols: 8
   dt: d
   data: [ 2.2525165746846756e-01, -6.4887769587795663e-01, 0., 0., 0.,
       0., 0., 2.4582250152723337e+00 ]
M2: !!opencv-matrix
   rows: 3
   cols: 3
   dt: d
   data: [ 7.6299386725610293e+02, 0., 3.1721873789352935e+02, 0.,
       7.6299386725610293e+02, 2.3943891022013111e+02, 0., 0., 1. ]
D2: !!opencv-matrix
   rows: 1
   cols: 8
   dt: d
   data: [ -1.1789521281395653e-01, 2.5521225727005303e+00, 0., 0., 0.,
       0., 0., 1.0128761594250308e+01 ]
