%YAML:1.0
R: !!opencv-matrix
   rows: 3
   cols: 3
   dt: d
   data: [ 9.9659512086630064e-01, 3.2568530111376219e-02,
       -7.5745996012119218e-02, -3.1728922263746469e-02,
       9.9942129262988655e-01, 1.2261946419220904e-02,
       7.6101514817148899e-02, -9.8168571544609458e-03,
       9.9705174828498455e-01 ]
T: !!opencv-matrix
   rows: 3
   cols: 1
   dt: d
   data: [ 3.7038875351501783e+00, -1.5254660402476738e-01,
       5.1551364281169010e-01 ]
R1: !!opencv-matrix
   rows: 3
   cols: 3
   dt: d
   data: [ 9.9803542153994007e-01, -9.8562186410110549e-03,
       6.1872064016766627e-02, 9.4946303146557168e-03,
       9.9993610222884943e-01, 6.1354261925338251e-03,
       -6.1928582631788867e-02, -5.5359202917487863e-03,
       9.9806523045327111e-01 ]
R2: !!opencv-matrix
   rows: 3
   cols: 3
   dt: d
   data: [ 9.8962966789057605e-01, -4.0758431147328258e-02,
       1.3773841410876128e-01, 4.1564017332995508e-02,
       9.9913140971690229e-01, -2.9763367178556811e-03,
       -1.3749746504547111e-01, 8.6704329490578987e-03,
       9.9046416931585435e-01 ]
P1: !!opencv-matrix
   rows: 3
   cols: 4
   dt: d
   data: [ 5.9234091251897576e+02, 0., 2.5670485687255859e+02, 0., 0.,
       5.9234091251897576e+02, 2.3544422340393066e+02, 0., 0., 0., 1.,
       0. ]
P2: !!opencv-matrix
   rows: 3
   cols: 4
   dt: d
   data: [ 5.9234091251897576e+02, 0., 2.5670485687255859e+02,
       2.2169546787284717e+03, 0., 5.9234091251897576e+02,
       2.3544422340393066e+02, 0., 0., 0., 1., 0. ]
Q: !!opencv-matrix
   rows: 4
   cols: 4
   dt: d
   data: [ 1., 0., 0., -2.5670485687255859e+02, 0., 1., 0.,
       -2.3544422340393066e+02, 0., 0., 0., 5.9234091251897576e+02, 0.,
       0., -2.6718674865230502e-01, 0. ]
