%YAML:1.0
R: !!opencv-matrix
   rows: 3
   cols: 3
   dt: d
   data: [ 9.9823180111038823e-01, -1.8282130229901595e-02,
       5.6560012077149807e-02, 1.4983319536072442e-02,
       9.9819202453520184e-01, 5.8208094711947975e-02,
       -5.7521920930983905e-02, -5.7257714489595851e-02,
       9.9670094950483401e-01 ]
T: !!opencv-matrix
   rows: 3
   cols: 1
   dt: d
   data: [ 4.9982415474519581e-01, -2.5240831104043351e+00,
       3.9389411361806377e+00 ]
R1: !!opencv-matrix
   rows: 3
   cols: 3
   dt: d
   data: [ 9.9746389708233485e-01, 7.0391452375275596e-02,
       -1.0526986739816738e-02, -4.9851388755999704e-02,
       5.8538814489391167e-01, -8.0921910435725786e-01,
       -5.0799734806583001e-02, 8.0769162633406300e-01,
       5.8741265196913894e-01 ]
R2: !!opencv-matrix
   rows: 3
   cols: 3
   dt: d
   data: [ 9.9381787033054947e-01, 8.4596750810947322e-02,
       -7.1898750781091508e-02, -1.0623482620125241e-01,
       5.3647973593436782e-01, -8.3719988929393707e-01,
       -3.2252167580501055e-02, 8.3966236231238889e-01,
       5.4215026976138048e-01 ]
P1: !!opencv-matrix
   rows: 3
   cols: 4
   dt: d
   data: [ 2.1899961167068585e+02, 0., 3.8757719421386719e+02, 0., 0.,
       2.1899961167068585e+02, 1.5062264251708984e+03, 0., 0., 0., 1.,
       0. ]
P2: !!opencv-matrix
   rows: 3
   cols: 4
   dt: d
   data: [ 2.1899961167068585e+02, 0., 3.8757719421386719e+02, 0., 0.,
       2.1899961167068585e+02, 1.5062264251708984e+03,
       -1.0303711099923298e+03, 0., 0., 1., 0. ]
Q: !!opencv-matrix
   rows: 4
   cols: 4
   dt: d
   data: [ 1., 0., 0., -3.8757719421386719e+02, 0., 1., 0.,
       -1.5062264251708984e+03, 0., 0., 0., 2.1899961167068585e+02, 0.,
       0., 2.1254440225164711e-01, 0. ]
