%YAML:1.0
M1: !!opencv-matrix
   rows: 3
   cols: 3
   dt: d
   data: [ 7.2869126797908143e+02, 0., 3.5275131024309366e+02, 0.,
       7.2869126797908143e+02, 2.3918643876815574e+02, 0., 0., 1. ]
D1: !!opencv-matrix
   rows: 1
   cols: 8
   dt: d
   data: [ 3.6264699902123006e-02, 1.9778668205554842e-01, 0., 0., 0.,
       0., 0., 2.5889428438296962e+00 ]
M2: !!opencv-matrix
   rows: 3
   cols: 3
   dt: d
   data: [ 7.2869126797908143e+02, 0., 3.1301396307766953e+02, 0.,
       7.2869126797908143e+02, 2.4202747426205840e+02, 0., 0., 1. ]
D2: !!opencv-matrix
   rows: 1
   cols: 8
   dt: d
   data: [ 1.9325391928980133e-02, 1.4806928178731044e-01, 0., 0., 0.,
       0., 0., 1.2692267251424372e+00 ]
