%YAML:1.0
M1: !!opencv-matrix
   rows: 3
   cols: 3
   dt: d
   data: [ 6.9019974580156224e+02, 0., 3.1173396088850967e+02, 0.,
       6.9019974580156224e+02, 2.3528967383709968e+02, 0., 0., 1. ]
D1: !!opencv-matrix
   rows: 1
   cols: 8
   dt: d
   data: [ 1.3026120845348143e-02, -2.3052476660007812e+00, 0., 0., 0.,
       0., 0., -1.1322913691103409e+01 ]
M2: !!opencv-matrix
   rows: 3
   cols: 3
   dt: d
   data: [ 6.9019974580156224e+02, 0., 3.0679114937198659e+02, 0.,
       6.9019974580156224e+02, 2.3124345393215563e+02, 0., 0., 1. ]
D2: !!opencv-matrix
   rows: 1
   cols: 8
   dt: d
   data: [ -1.4655965312375752e-01, 4.9557304628476262e-01, 0., 0., 0.,
       0., 0., -4.4968351346587072e+00 ]
