%YAML:1.0
M1: !!opencv-matrix
   rows: 3
   cols: 3
   dt: d
   data: [ 7.0710553981830651e+02, 0., 3.3879573596536164e+02, 0.,
       7.0710553981830651e+02, 2.3772269436696854e+02, 0., 0., 1. ]
D1: !!opencv-matrix
   rows: 1
   cols: 8
   dt: d
   data: [ 2.2658047849696708e-01, -1.8744281068413859e+00, 0., 0., 0.,
       0., 0., -4.2653143489435124e+00 ]
M2: !!opencv-matrix
   rows: 3
   cols: 3
   dt: d
   data: [ 7.0710553981830651e+02, 0., 3.3283177440990988e+02, 0.,
       7.0710553981830651e+02, 2.3690168500413748e+02, 0., 0., 1. ]
D2: !!opencv-matrix
   rows: 1
   cols: 8
   dt: d
   data: [ 3.1845198267705344e-01, -7.1792062672419565e-01, 0., 0., 0.,
       0., 0., 1.9964974953462673e+00 ]
