%YAML:1.0
R: !!opencv-matrix
   rows: 3
   cols: 3
   dt: d
   data: [ 9.9980671231975093e-01, 1.0889018916046911e-02,
       1.6369705782840208e-02, -1.1611901179859297e-02,
       9.9893147120384185e-01, 4.4733428099321342e-02,
       -1.5865111136073452e-02, -4.4914865084668153e-02,
       9.9886483226864387e-01 ]
T: !!opencv-matrix
   rows: 3
   cols: 1
   dt: d
   data: [ 3.7228452346722509e+00, 4.1570846340519545e-02,
       5.2338326124829437e-01 ]
R1: !!opencv-matrix
   rows: 3
   cols: 3
   dt: d
   data: [ 9.8767288818662136e-01, 1.5574938599303234e-02,
       1.5575521573522222e-01, -1.9120447396228809e-02,
       9.9959046662771378e-01, 2.1291019664571142e-02,
       -1.5535982245247879e-01, -2.4006672293698721e-02,
       9.8756620297219433e-01 ]
R2: !!opencv-matrix
   rows: 3
   cols: 3
   dt: d
   data: [ 9.9020124604197124e-01, 1.1057001097448440e-02,
       1.3920932103727329e-01, -7.8836644221720216e-03,
       9.9969682047276320e-01, -2.3326272139508109e-02,
       -1.3942503423778019e-01, 2.2000224166558769e-02,
       9.8998820698249479e-01 ]
P1: !!opencv-matrix
   rows: 3
   cols: 4
   dt: d
   data: [ 5.6102043204306813e+02, 0., 2.1371546745300293e+02, 0., 0.,
       5.6102043204306813e+02, 2.4102231788635254e+02, 0., 0., 0., 1.,
       0. ]
P2: !!opencv-matrix
   rows: 3
   cols: 4
   dt: d
   data: [ 5.6102043204306813e+02, 0., 2.1371546745300293e+02,
       2.1092603653386791e+03, 0., 5.6102043204306813e+02,
       2.4102231788635254e+02, 0., 0., 0., 1., 0. ]
Q: !!opencv-matrix
   rows: 4
   cols: 4
   dt: d
   data: [ 1., 0., 0., -2.1371546745300293e+02, 0., 1., 0.,
       -2.4102231788635254e+02, 0., 0., 0., 5.6102043204306813e+02, 0.,
       0., -2.6597969660942561e-01, 0. ]
