%YAML:1.0
R: !!opencv-matrix
   rows: 3
   cols: 3
   dt: d
   data: [ 9.9821717168739632e-01, 1.0042738894239445e-02,
       5.8835546601668592e-02, -1.3676848832194666e-02,
       9.9800140235618440e-01, 6.1693960005097873e-02,
       -5.8098381685175032e-02, -6.2388655143314722e-02,
       9.9635949022176340e-01 ]
T: !!opencv-matrix
   rows: 3
   cols: 1
   dt: d
   data: [ 3.5994457531930899e+00, -2.8026575752929844e-01,
       4.8069605759838924e-01 ]
R1: !!opencv-matrix
   rows: 3
   cols: 3
   dt: d
   data: [ 9.7988390984550722e-01, -7.5104947254054658e-02,
       1.8489664714063267e-01, 6.9022558726572036e-02,
       9.9684758950394337e-01, 3.9125051910694791e-02,
       -1.8725226196956574e-01, -2.5575969153549455e-02,
       9.8197884915569222e-01 ]
R2: !!opencv-matrix
   rows: 3
   cols: 3
   dt: d
   data: [ 9.8826118099236682e-01, -7.6949560437719805e-02,
       1.3197955634117781e-01, 8.1212527228390535e-02,
       9.9632506054637870e-01, -2.7219462677150426e-02,
       -1.2940001377415053e-01, 3.7618331644247126e-02,
       9.9087864926011648e-01 ]
P1: !!opencv-matrix
   rows: 3
   cols: 4
   dt: d
   data: [ 5.1198648998823893e+02, 0., 1.9499821281433105e+02, 0., 0.,
       5.1198648998823893e+02, 2.2332038688659668e+02, 0., 0., 0., 1.,
       0. ]
P2: !!opencv-matrix
   rows: 3
   cols: 4
   dt: d
   data: [ 5.1198648998823893e+02, 0., 1.9499821281433105e+02,
       1.8647576496224199e+03, 0., 5.1198648998823893e+02,
       2.2332038688659668e+02, 0., 0., 0., 1., 0. ]
Q: !!opencv-matrix
   rows: 4
   cols: 4
   dt: d
   data: [ 1., 0., 0., -1.9499821281433105e+02, 0., 1., 0.,
       -2.2332038688659668e+02, 0., 0., 0., 5.1198648998823893e+02, 0.,
       0., -2.7455926516344203e-01, 0. ]
