%YAML:1.0
M1: !!opencv-matrix
   rows: 3
   cols: 3
   dt: d
   data: [ 6.8459602036595595e+02, 0., 3.5928129290538675e+02, 0.,
       6.8459602036595595e+02, 2.2885494026854886e+02, 0., 0., 1. ]
D1: !!opencv-matrix
   rows: 1
   cols: 8
   dt: d
   data: [ 8.6021775763077471e-02, -1.0035010229500212e+00, 0., 0., 0.,
       0., 0., -1.2926538783501302e+00 ]
M2: !!opencv-matrix
   rows: 3
   cols: 3
   dt: d
   data: [ 6.8459602036595595e+02, 0., 2.9309864045212163e+02, 0.,
       6.8459602036595595e+02, 2.2868407085718889e+02, 0., 0., 1. ]
D2: !!opencv-matrix
   rows: 1
   cols: 8
   dt: d
   data: [ -9.0656497250533423e-03, -5.1240123866319864e-01, 0., 0., 0.,
       0., 0., -1.3684145667747551e+00 ]
