%YAML:1.0
R: !!opencv-matrix
   rows: 3
   cols: 3
   dt: d
   data: [ 9.9943738415725492e-01, 9.5617505366897056e-03,
       -3.2147909350030070e-02, -8.0394179039875151e-03,
       9.9885526770575273e-01, 4.7154235612869452e-02,
       3.2561985637683123e-02, -4.6869255414856703e-02,
       9.9837016681599022e-01 ]
T: !!opencv-matrix
   rows: 3
   cols: 1
   dt: d
   data: [ 3.9918563944642087e+00, 2.9235451994850986e-01,
       1.8581019161497528e-01 ]
R1: !!opencv-matrix
   rows: 3
   cols: 3
   dt: d
   data: [ 9.9661882803436286e-01, 8.0232484305582871e-02,
       1.7710450857259596e-02, -8.0637677579385475e-02,
       9.9646662873981584e-01, 2.3490908081829711e-02,
       -1.5763139345196353e-02, -2.4839610907989314e-02,
       9.9956716491085462e-01 ]
R2: !!opencv-matrix
   rows: 3
   cols: 3
   dt: d
   data: [ 9.9625592352369419e-01, 7.2963527112733517e-02,
       4.6373036941960835e-02, -7.1819527805875555e-02,
       9.9708191701307625e-01, -2.5876750013667446e-02,
       -4.8125775523020164e-02, 2.2449375866561986e-02,
       9.9858897212692554e-01 ]
P1: !!opencv-matrix
   rows: 3
   cols: 4
   dt: d
   data: [ 2.4435781650271602e+02, 0., 4.2562155723571777e+02, 0., 0.,
       2.4435781650271602e+02, 2.3929173088073730e+02, 0., 0., 0., 1.,
       0. ]
P2: !!opencv-matrix
   rows: 3
   cols: 4
   dt: d
   data: [ 2.4435781650271602e+02, 0., 4.2562155723571777e+02,
       9.7910716444586296e+02, 0., 2.4435781650271602e+02,
       2.3929173088073730e+02, 0., 0., 0., 1., 0. ]
Q: !!opencv-matrix
   rows: 4
   cols: 4
   dt: d
   data: [ 1., 0., 0., -4.2562155723571777e+02, 0., 1., 0.,
       -2.3929173088073730e+02, 0., 0., 0., 2.4435781650271602e+02, 0.,
       0., -2.4957208503423953e-01, 0. ]
