%YAML:1.0
M1: !!opencv-matrix
   rows: 3
   cols: 3
   dt: d
   data: [ 7.3294877983244476e+02, 0., 3.4056819839517777e+02, 0.,
       7.3294877983244476e+02, 2.4079147261863469e+02, 0., 0., 1. ]
D1: !!opencv-matrix
   rows: 1
   cols: 8
   dt: d
   data: [ 5.5093484081427543e-02, 7.1176281077639181e-01, 0., 0., 0.,
       0., 0., 5.7834613944433091e+00 ]
M2: !!opencv-matrix
   rows: 3
   cols: 3
   dt: d
   data: [ 7.3294877983244476e+02, 0., 3.3064815386372601e+02, 0.,
       7.3294877983244476e+02, 2.3869313415825150e+02, 0., 0., 1. ]
D2: !!opencv-matrix
   rows: 1
   cols: 8
   dt: d
   data: [ -8.3372131290479476e-02, -1.8381895046021379e+00, 0., 0., 0.,
       0., 0., -1.5796216307038165e+01 ]
